#patm    pac   Rmax
4000.0    2000000.0   0.000151095
4000.0    4000000.0   0.000318147
4000.0    6000000.0   0.000469386
4000.0    8000000.0   0.000611644
4000.0    10000000.0   0.00074783
4000.0    12000000.0   0.000879139
4000.0    14000000.0   0.00100689
4000.0    16000000.0   0.00113133
4000.0    18000000.0   0.00125307
4000.0    20000000.0   0.0013724
4000.0    22000000.0   0.00148965
4000.0    24000000.0   0.00160506
4000.0    26000000.0   0.00171884
4000.0    28000000.0   0.00183101
4000.0    30000000.0   0.00194175
4000.0    32000000.0   0.00205139
4000.0    34000000.0   0.00215944
4000.0    36000000.0   0.00226677
4000.0    38000000.0   0.00237273
4000.0    40000000.0   0.00247801
4000.0    42000000.0   0.00258193
4000.0    44000000.0   0.00268501
4000.0    46000000.0   0.00278759
4000.0    48000000.0   0.00288925
4000.0    50000000.0   0.00299
4000.0    52000000.0   0.00308525
4000.0    54000000.0   0.00317852
4000.0    56000000.0   0.00327166
4000.0    58000000.0   0.0033682
4000.0    60000000.0   0.00345451
4000.0    62000000.0   0.00354197
4000.0    64000000.0   0.0036038
4000.0    66000000.0   0.00369929
4000.0    68000000.0   0.00375829
4000.0    70000000.0   0.00384853
4000.0    72000000.0   0.00395152
4000.0    74000000.0   0.0040021
4000.0    76000000.0   0.00407743
4000.0    78000000.0   0.00416764
4000.0    80000000.0   0.00420329
4000.0    82000000.0   0.00427839
4000.0    84000000.0   0.00434647
4000.0    86000000.0   0.00440903
4000.0    88000000.0   0.00446119
4000.0    90000000.0   0.00453125
4000.0    92000000.0   0.00460557
4000.0    94000000.0   0.00467232
4000.0    96000000.0   0.00473819
4000.0    98000000.0   0.0048143

6000.0    2000000.0   0.000125163
6000.0    4000000.0   0.000255504
6000.0    6000000.0   0.00037247
6000.0    8000000.0   0.000482229
6000.0    10000000.0   0.000587148
6000.0    12000000.0   0.000688274
6000.0    14000000.0   0.000786519
6000.0    16000000.0   0.000882327
6000.0    18000000.0   0.000975902
6000.0    20000000.0   0.0010678
6000.0    22000000.0   0.001158
6000.0    24000000.0   0.00124677
6000.0    26000000.0   0.00133422
6000.0    28000000.0   0.00142051
6000.0    30000000.0   0.00150568
6000.0    32000000.0   0.00158983
6000.0    34000000.0   0.00167313
6000.0    36000000.0   0.00175553
6000.0    38000000.0   0.00183705
6000.0    40000000.0   0.00191783
6000.0    42000000.0   0.0019979
6000.0    44000000.0   0.00207735
6000.0    46000000.0   0.00215586
6000.0    48000000.0   0.00223426
6000.0    50000000.0   0.00231181
6000.0    52000000.0   0.00238865
6000.0    54000000.0   0.00246522
6000.0    56000000.0   0.00254122
6000.0    58000000.0   0.00261675
6000.0    60000000.0   0.00269163
6000.0    62000000.0   0.0027662
6000.0    64000000.0   0.0028403
6000.0    66000000.0   0.00291392
6000.0    68000000.0   0.00298735
6000.0    70000000.0   0.00306013
6000.0    72000000.0   0.00313287
6000.0    74000000.0   0.0032049
6000.0    76000000.0   0.0032766
6000.0    78000000.0   0.00334807
6000.0    80000000.0   0.00341938
6000.0    82000000.0   0.00349
6000.0    84000000.0   0.0035604
6000.0    86000000.0   0.00363035
6000.0    88000000.0   0.0037006
6000.0    90000000.0   0.00377006
6000.0    92000000.0   0.00383935
6000.0    94000000.0   0.00390842
6000.0    96000000.0   0.00397694
6000.0    98000000.0   0.00404538

8000.0    2000000.0   0.000111072
8000.0    4000000.0   0.000224325
8000.0    6000000.0   0.000325715
8000.0    8000000.0   0.000420779
8000.0    10000000.0   0.000511532
8000.0    12000000.0   0.00059913
8000.0    14000000.0   0.000684037
8000.0    16000000.0   0.000766865
8000.0    18000000.0   0.000847857
8000.0    20000000.0   0.000927279
8000.0    22000000.0   0.00100543
8000.0    24000000.0   0.00108216
8000.0    26000000.0   0.00115776
8000.0    28000000.0   0.00123242
8000.0    30000000.0   0.00130618
8000.0    32000000.0   0.00137893
8000.0    34000000.0   0.001451
8000.0    36000000.0   0.00152225
8000.0    38000000.0   0.00159274
8000.0    40000000.0   0.00166271
8000.0    42000000.0   0.00173178
8000.0    44000000.0   0.00180059
8000.0    46000000.0   0.00186872
8000.0    48000000.0   0.00193625
8000.0    50000000.0   0.00200325
8000.0    52000000.0   0.00206994
8000.0    54000000.0   0.00213593
8000.0    56000000.0   0.00220183
8000.0    58000000.0   0.00226696
8000.0    60000000.0   0.00233196
8000.0    62000000.0   0.00239644
8000.0    64000000.0   0.00246053
8000.0    66000000.0   0.00252429
8000.0    68000000.0   0.00258769
8000.0    70000000.0   0.00265069
8000.0    72000000.0   0.00271342
8000.0    74000000.0   0.00277583
8000.0    76000000.0   0.00283794
8000.0    78000000.0   0.00289966
8000.0    80000000.0   0.00296131
8000.0    82000000.0   0.00302247
8000.0    84000000.0   0.00308307
8000.0    86000000.0   0.00314405
8000.0    88000000.0   0.00320452
8000.0    90000000.0   0.00326465
8000.0    92000000.0   0.00332448
8000.0    94000000.0   0.00338423
8000.0    96000000.0   0.00344371
8000.0    98000000.0   0.00350288

10000.0    2000000.0   0.000101634
10000.0    4000000.0   0.000204325
10000.0    6000000.0   0.000296059
10000.0    8000000.0   0.000382086
10000.0    10000000.0   0.000464184
10000.0    12000000.0   0.000543396
10000.0    14000000.0   0.000620231
10000.0    16000000.0   0.000695152
10000.0    18000000.0   0.000768423
10000.0    20000000.0   0.000840158
10000.0    22000000.0   0.000910813
10000.0    24000000.0   0.000980239
10000.0    26000000.0   0.00104865
10000.0    28000000.0   0.00111613
10000.0    30000000.0   0.00118265
10000.0    32000000.0   0.00124859
10000.0    34000000.0   0.0013137
10000.0    36000000.0   0.00137813
10000.0    38000000.0   0.00144192
10000.0    40000000.0   0.0015051
10000.0    42000000.0   0.00156769
10000.0    44000000.0   0.00162974
10000.0    46000000.0   0.00169135
10000.0    48000000.0   0.00175237
10000.0    50000000.0   0.0018132
10000.0    52000000.0   0.00187342
10000.0    54000000.0   0.00193304
10000.0    56000000.0   0.00199262
10000.0    58000000.0   0.00205162
10000.0    60000000.0   0.00211021
10000.0    62000000.0   0.00216857
10000.0    64000000.0   0.00222653
10000.0    66000000.0   0.00228397
10000.0    68000000.0   0.00234137
10000.0    70000000.0   0.0023984
10000.0    72000000.0   0.00245506
10000.0    74000000.0   0.0025116
10000.0    76000000.0   0.00256776
10000.0    78000000.0   0.00262333
10000.0    80000000.0   0.0026792
10000.0    82000000.0   0.00273438
10000.0    84000000.0   0.00278968
10000.0    86000000.0   0.00284437
10000.0    88000000.0   0.00289917
10000.0    90000000.0   0.00295355
10000.0    92000000.0   0.00300771
10000.0    94000000.0   0.00306168
10000.0    96000000.0   0.00311544
10000.0    98000000.0   0.00316896

12000.0    2000000.0   9.46094e-05
12000.0    4000000.0   0.000189845
12000.0    6000000.0   0.000274846
12000.0    8000000.0   0.000354514
12000.0    10000000.0   0.000430541
12000.0    12000000.0   0.000503853
12000.0    14000000.0   0.000575018
12000.0    16000000.0   0.000644376
12000.0    18000000.0   0.000712195
12000.0    20000000.0   0.000778683
12000.0    22000000.0   0.000844006
12000.0    24000000.0   0.000908273
12000.0    26000000.0   0.00097158
12000.0    28000000.0   0.00103406
12000.0    30000000.0   0.00109574
12000.0    32000000.0   0.00115667
12000.0    34000000.0   0.0012169
12000.0    36000000.0   0.00127657
12000.0    38000000.0   0.00133565
12000.0    40000000.0   0.00139413
12000.0    42000000.0   0.00145204
12000.0    44000000.0   0.0015096
12000.0    46000000.0   0.00156657
12000.0    48000000.0   0.00162315
12000.0    50000000.0   0.00167916
12000.0    52000000.0   0.00173497
12000.0    54000000.0   0.00179034
12000.0    56000000.0   0.00184531
12000.0    58000000.0   0.00189993
12000.0    60000000.0   0.00195427
12000.0    62000000.0   0.00200826
12000.0    64000000.0   0.00206183
12000.0    66000000.0   0.00211527
12000.0    68000000.0   0.00216821
12000.0    70000000.0   0.00222107
12000.0    72000000.0   0.00227351
12000.0    74000000.0   0.00232564
12000.0    76000000.0   0.00237762
12000.0    78000000.0   0.00242934
12000.0    80000000.0   0.00248087
12000.0    82000000.0   0.00253212
12000.0    84000000.0   0.00258305
12000.0    86000000.0   0.00263388
12000.0    88000000.0   0.00268444
12000.0    90000000.0   0.00273475
12000.0    92000000.0   0.00278488
12000.0    94000000.0   0.00283484
12000.0    96000000.0   0.00288448
12000.0    98000000.0   0.0029342

14000.0    2000000.0   8.90818e-05
14000.0    4000000.0   0.000178695
14000.0    6000000.0   0.000258575
14000.0    8000000.0   0.000333419
14000.0    10000000.0   0.000404853
14000.0    12000000.0   0.000473745
14000.0    14000000.0   0.000540586
14000.0    16000000.0   0.000605701
14000.0    18000000.0   0.000669399
14000.0    20000000.0   0.000731866
14000.0    22000000.0   0.000793186
14000.0    24000000.0   0.000853564
14000.0    26000000.0   0.000913019
14000.0    28000000.0   0.000971687
14000.0    30000000.0   0.00102963
14000.0    32000000.0   0.00108696
14000.0    34000000.0   0.00114348
14000.0    36000000.0   0.00119947
14000.0    38000000.0   0.00125494
14000.0    40000000.0   0.0013099
14000.0    42000000.0   0.00136433
14000.0    44000000.0   0.00141833
14000.0    46000000.0   0.00147188
14000.0    48000000.0   0.00152499
14000.0    50000000.0   0.00157785
14000.0    52000000.0   0.0016302
14000.0    54000000.0   0.0016822
14000.0    56000000.0   0.00173382
14000.0    58000000.0   0.001785
14000.0    60000000.0   0.00183605
14000.0    62000000.0   0.00188684
14000.0    64000000.0   0.00193722
14000.0    66000000.0   0.00198715
14000.0    68000000.0   0.00203717
14000.0    70000000.0   0.00208671
14000.0    72000000.0   0.00213602
14000.0    74000000.0   0.00218488
14000.0    76000000.0   0.00223388
14000.0    78000000.0   0.0022823
14000.0    80000000.0   0.00233062
14000.0    82000000.0   0.00237894
14000.0    84000000.0   0.00242678
14000.0    86000000.0   0.00247447
14000.0    88000000.0   0.00252185
14000.0    90000000.0   0.00256912
14000.0    92000000.0   0.00261642
14000.0    94000000.0   0.00266307
14000.0    96000000.0   0.00270995
14000.0    98000000.0   0.00275654

16000.0    2000000.0   8.45337e-05
16000.0    4000000.0   0.000169676
16000.0    6000000.0   0.000245496
16000.0    8000000.0   0.000316515
16000.0    10000000.0   0.000384297
16000.0    12000000.0   0.000449656
16000.0    14000000.0   0.000513076
16000.0    16000000.0   0.000574879
16000.0    18000000.0   0.000635314
16000.0    20000000.0   0.00069456
16000.0    22000000.0   0.000752803
16000.0    24000000.0   0.000810089
16000.0    26000000.0   0.000866481
16000.0    28000000.0   0.000922183
16000.0    30000000.0   0.000977103
16000.0    32000000.0   0.00103135
16000.0    34000000.0   0.00108512
16000.0    36000000.0   0.00113829
16000.0    38000000.0   0.00119091
16000.0    40000000.0   0.001243
16000.0    42000000.0   0.00129464
16000.0    44000000.0   0.00134591
16000.0    46000000.0   0.00139671
16000.0    48000000.0   0.00144711
16000.0    50000000.0   0.00149715
16000.0    52000000.0   0.00154677
16000.0    54000000.0   0.00159612
16000.0    56000000.0   0.00164509
16000.0    58000000.0   0.00169378
16000.0    60000000.0   0.00174219
16000.0    62000000.0   0.00179026
16000.0    64000000.0   0.00183793
16000.0    66000000.0   0.00188555
16000.0    68000000.0   0.00193272
16000.0    70000000.0   0.00197988
16000.0    72000000.0   0.00202665
16000.0    74000000.0   0.00207318
16000.0    76000000.0   0.00211944
16000.0    78000000.0   0.00216551
16000.0    80000000.0   0.00221138
16000.0    82000000.0   0.00225686
16000.0    84000000.0   0.00230249
16000.0    86000000.0   0.00234774
16000.0    88000000.0   0.00239279
16000.0    90000000.0   0.00243769
16000.0    92000000.0   0.00248214
16000.0    94000000.0   0.0025268
16000.0    96000000.0   0.0025711
16000.0    98000000.0   0.00261526

18000.0    2000000.0   8.06828e-05
18000.0    4000000.0   0.000162156
18000.0    6000000.0   0.00023463
18000.0    8000000.0   0.000302537
18000.0    10000000.0   0.000367311
18000.0    12000000.0   0.000429779
18000.0    14000000.0   0.000490379
18000.0    16000000.0   0.000549449
18000.0    18000000.0   0.000607217
18000.0    20000000.0   0.000663797
18000.0    22000000.0   0.000719469
18000.0    24000000.0   0.000774202
18000.0    26000000.0   0.000828107
18000.0    28000000.0   0.000881315
18000.0    30000000.0   0.000933827
18000.0    32000000.0   0.000985731
18000.0    34000000.0   0.00103701
18000.0    36000000.0   0.00108782
18000.0    38000000.0   0.00113803
18000.0    40000000.0   0.00118789
18000.0    42000000.0   0.00123719
18000.0    44000000.0   0.00128621
18000.0    46000000.0   0.00133475
18000.0    48000000.0   0.00138291
18000.0    50000000.0   0.00143072
18000.0    52000000.0   0.00147815
18000.0    54000000.0   0.00152528
18000.0    56000000.0   0.00157212
18000.0    58000000.0   0.00161864
18000.0    60000000.0   0.00166474
18000.0    62000000.0   0.00171079
18000.0    64000000.0   0.00175638
18000.0    66000000.0   0.00180186
18000.0    68000000.0   0.00184704
18000.0    70000000.0   0.0018919
18000.0    72000000.0   0.00193661
18000.0    74000000.0   0.00198113
18000.0    76000000.0   0.00202538
18000.0    78000000.0   0.00206941
18000.0    80000000.0   0.00211316
18000.0    82000000.0   0.00215684
18000.0    84000000.0   0.00220021
18000.0    86000000.0   0.00224351
18000.0    88000000.0   0.00228643
18000.0    90000000.0   0.00232942
18000.0    92000000.0   0.00237211
18000.0    94000000.0   0.00241461
18000.0    96000000.0   0.00245698
18000.0    98000000.0   0.00249918

20000.0    2000000.0   7.73626e-05
20000.0    4000000.0   0.000155733
20000.0    6000000.0   0.00022542
20000.0    8000000.0   0.00029068
20000.0    10000000.0   0.000352937
20000.0    12000000.0   0.000412961
20000.0    14000000.0   0.000471195
20000.0    16000000.0   0.000527952
20000.0    18000000.0   0.000583426
20000.0    20000000.0   0.00063782
20000.0    22000000.0   0.000691304
20000.0    24000000.0   0.000743896
20000.0    26000000.0   0.000795683
20000.0    28000000.0   0.00084675
20000.0    30000000.0   0.000897269
20000.0    32000000.0   0.000947083
20000.0    34000000.0   0.000996435
20000.0    36000000.0   0.00104523
20000.0    38000000.0   0.00109348
20000.0    40000000.0   0.00114138
20000.0    42000000.0   0.00118881
20000.0    44000000.0   0.00123583
20000.0    46000000.0   0.00128247
20000.0    48000000.0   0.00132863
20000.0    50000000.0   0.00137467
20000.0    52000000.0   0.00142018
20000.0    54000000.0   0.00146552
20000.0    56000000.0   0.00151041
20000.0    58000000.0   0.00155513
20000.0    60000000.0   0.00159962
20000.0    62000000.0   0.00164374
20000.0    64000000.0   0.00168761
20000.0    66000000.0   0.00173122
20000.0    68000000.0   0.00177464
20000.0    70000000.0   0.00181767
20000.0    72000000.0   0.00186073
20000.0    74000000.0   0.00190349
20000.0    76000000.0   0.00194594
20000.0    78000000.0   0.00198825
20000.0    80000000.0   0.00203021
20000.0    82000000.0   0.00207231
20000.0    84000000.0   0.00211402
20000.0    86000000.0   0.00215551
20000.0    88000000.0   0.00219691
20000.0    90000000.0   0.00223811
20000.0    92000000.0   0.00227907
20000.0    94000000.0   0.00231995
20000.0    96000000.0   0.00236062
20000.0    98000000.0   0.0024012

22000.0    2000000.0   7.44359e-05
22000.0    4000000.0   0.00015016
22000.0    6000000.0   0.00021744
22000.0    8000000.0   0.000280429
22000.0    10000000.0   0.000340518
22000.0    12000000.0   0.000398443
22000.0    14000000.0   0.000454633
22000.0    16000000.0   0.000509411
22000.0    18000000.0   0.000562968
22000.0    20000000.0   0.000615473
22000.0    22000000.0   0.000667044
22000.0    24000000.0   0.000717794
22000.0    26000000.0   0.000767785
22000.0    28000000.0   0.0008171
22000.0    30000000.0   0.000865761
22000.0    32000000.0   0.000913849
22000.0    34000000.0   0.000961478
22000.0    36000000.0   0.00100852
22000.0    38000000.0   0.00105511
22000.0    40000000.0   0.00110133
22000.0    42000000.0   0.0011471
22000.0    44000000.0   0.00119247
22000.0    46000000.0   0.00123743
22000.0    48000000.0   0.00128207
22000.0    50000000.0   0.00132644
22000.0    52000000.0   0.00137042
22000.0    54000000.0   0.00141414
22000.0    56000000.0   0.00145746
22000.0    58000000.0   0.00150063
22000.0    60000000.0   0.00154351
22000.0    62000000.0   0.00158608
22000.0    64000000.0   0.00162836
22000.0    66000000.0   0.00167052
22000.0    68000000.0   0.00171228
22000.0    70000000.0   0.00175398
22000.0    72000000.0   0.00179547
22000.0    74000000.0   0.00183665
22000.0    76000000.0   0.00187763
22000.0    78000000.0   0.00191842
22000.0    80000000.0   0.00195906
22000.0    82000000.0   0.00199958
22000.0    84000000.0   0.00203974
22000.0    86000000.0   0.0020799
22000.0    88000000.0   0.00211974
22000.0    90000000.0   0.00215946
22000.0    92000000.0   0.00219917
22000.0    94000000.0   0.00223855
22000.0    96000000.0   0.00227773
22000.0    98000000.0   0.00231681

24000.0    2000000.0   7.18329e-05
24000.0    4000000.0   0.000145262
24000.0    6000000.0   0.000210436
24000.0    8000000.0   0.000271423
24000.0    10000000.0   0.000329631
24000.0    12000000.0   0.000385713
24000.0    14000000.0   0.000440148
24000.0    16000000.0   0.000493161
24000.0    18000000.0   0.000545029
24000.0    20000000.0   0.000595885
24000.0    22000000.0   0.000645796
24000.0    24000000.0   0.000694964
24000.0    26000000.0   0.000743316
24000.0    28000000.0   0.000791102
24000.0    30000000.0   0.000838256
24000.0    32000000.0   0.000884833
24000.0    34000000.0   0.000930918
24000.0    36000000.0   0.000976489
24000.0    38000000.0   0.00102164
24000.0    40000000.0   0.00106635
24000.0    42000000.0   0.00111059
24000.0    44000000.0   0.00115457
24000.0    46000000.0   0.00119812
24000.0    48000000.0   0.00124138
24000.0    50000000.0   0.00128421
24000.0    52000000.0   0.00132688
24000.0    54000000.0   0.00136918
24000.0    56000000.0   0.00141113
24000.0    58000000.0   0.00145293
24000.0    60000000.0   0.00149449
24000.0    62000000.0   0.00153568
24000.0    64000000.0   0.00157668
24000.0    66000000.0   0.00161748
24000.0    68000000.0   0.0016579
24000.0    70000000.0   0.00169836
24000.0    72000000.0   0.00173832
24000.0    74000000.0   0.00177838
24000.0    76000000.0   0.00181802
24000.0    78000000.0   0.0018576
24000.0    80000000.0   0.0018968
24000.0    82000000.0   0.00193609
24000.0    84000000.0   0.00197492
24000.0    86000000.0   0.00201389
24000.0    88000000.0   0.00205246
24000.0    90000000.0   0.00209084
24000.0    92000000.0   0.00212932
24000.0    94000000.0   0.00216741
24000.0    96000000.0   0.00220541
24000.0    98000000.0   0.0022432

26000.0    2000000.0   6.94801e-05
26000.0    4000000.0   0.000140882
26000.0    6000000.0   0.000204189
26000.0    8000000.0   0.000263448
26000.0    10000000.0   0.000319957
26000.0    12000000.0   0.000374449
26000.0    14000000.0   0.000427302
26000.0    16000000.0   0.000478774
26000.0    18000000.0   0.000529169
26000.0    20000000.0   0.000578522
26000.0    22000000.0   0.000626991
26000.0    24000000.0   0.000674756
26000.0    26000000.0   0.000721712
26000.0    28000000.0   0.000768086
26000.0    30000000.0   0.000813918
26000.0    32000000.0   0.000859108
26000.0    34000000.0   0.000903852
26000.0    36000000.0   0.000948157
26000.0    38000000.0   0.000991918
26000.0    40000000.0   0.00103534
26000.0    42000000.0   0.00107843
26000.0    44000000.0   0.00112106
26000.0    46000000.0   0.0011634
26000.0    48000000.0   0.0012053
26000.0    50000000.0   0.00124699
26000.0    52000000.0   0.00128833
26000.0    54000000.0   0.00132942
26000.0    56000000.0   0.00137022
26000.0    58000000.0   0.00141083
26000.0    60000000.0   0.00145112
26000.0    62000000.0   0.00149108
26000.0    64000000.0   0.00153089
26000.0    66000000.0   0.00157056
26000.0    68000000.0   0.00160984
26000.0    70000000.0   0.001649
26000.0    72000000.0   0.00168805
26000.0    74000000.0   0.00172669
26000.0    76000000.0   0.00176523
26000.0    78000000.0   0.00180374
26000.0    80000000.0   0.00184184
26000.0    82000000.0   0.00187991
26000.0    84000000.0   0.00191767
26000.0    86000000.0   0.00195548
26000.0    88000000.0   0.00199287
26000.0    90000000.0   0.00203027
26000.0    92000000.0   0.00206758
26000.0    94000000.0   0.00210447
26000.0    96000000.0   0.00214144
26000.0    98000000.0   0.00217823

28000.0    2000000.0   6.73488e-05
28000.0    4000000.0   0.00013693
28000.0    6000000.0   0.000198589
28000.0    8000000.0   0.000256279
28000.0    10000000.0   0.000311299
28000.0    12000000.0   0.000364332
28000.0    14000000.0   0.000415786
28000.0    16000000.0   0.000465939
28000.0    18000000.0   0.00051494
28000.0    20000000.0   0.000563023
28000.0    22000000.0   0.000610203
28000.0    24000000.0   0.000656655
28000.0    26000000.0   0.000702438
28000.0    28000000.0   0.000747511
28000.0    30000000.0   0.000792075
28000.0    32000000.0   0.000836101
28000.0    34000000.0   0.000879713
28000.0    36000000.0   0.000922778
28000.0    38000000.0   0.000965451
28000.0    40000000.0   0.00100764
28000.0    42000000.0   0.0010496
28000.0    44000000.0   0.00109108
28000.0    46000000.0   0.00113228
28000.0    48000000.0   0.00117315
28000.0    50000000.0   0.00121369
28000.0    52000000.0   0.00125398
28000.0    54000000.0   0.00129394
28000.0    56000000.0   0.00133361
28000.0    58000000.0   0.00137316
28000.0    60000000.0   0.00141233
28000.0    62000000.0   0.00145131
28000.0    64000000.0   0.00149006
28000.0    66000000.0   0.00152864
28000.0    68000000.0   0.00156691
28000.0    70000000.0   0.00160495
28000.0    72000000.0   0.00164296
28000.0    74000000.0   0.00168059
28000.0    76000000.0   0.00171813
28000.0    78000000.0   0.00175546
28000.0    80000000.0   0.00179276
28000.0    82000000.0   0.00182964
28000.0    84000000.0   0.00186648
28000.0    86000000.0   0.00190317
28000.0    88000000.0   0.00193976
28000.0    90000000.0   0.00197612
28000.0    92000000.0   0.00201226
28000.0    94000000.0   0.00204846
28000.0    96000000.0   0.00208435
28000.0    98000000.0   0.00212015

30000.0    2000000.0   6.53853e-05
30000.0    4000000.0   0.000133345
30000.0    6000000.0   0.000193509
30000.0    8000000.0   0.000249798
30000.0    10000000.0   0.000303469
30000.0    12000000.0   0.000355211
30000.0    14000000.0   0.000405375
30000.0    16000000.0   0.000454282
30000.0    18000000.0   0.000502125
30000.0    20000000.0   0.000549013
30000.0    22000000.0   0.000595049
30000.0    24000000.0   0.000640353
30000.0    26000000.0   0.000684996
30000.0    28000000.0   0.000729008
30000.0    30000000.0   0.000772447
30000.0    32000000.0   0.000815396
30000.0    34000000.0   0.000857897
30000.0    36000000.0   0.000899882
30000.0    38000000.0   0.000941488
30000.0    40000000.0   0.000982742
30000.0    42000000.0   0.00102353
30000.0    44000000.0   0.00106408
30000.0    46000000.0   0.00110426
30000.0    48000000.0   0.00114408
30000.0    50000000.0   0.00118368
30000.0    52000000.0   0.00122293
30000.0    54000000.0   0.00126194
30000.0    56000000.0   0.00130064
30000.0    58000000.0   0.00133912
30000.0    60000000.0   0.00137738
30000.0    62000000.0   0.00141542
30000.0    64000000.0   0.00145323
30000.0    66000000.0   0.00149077
30000.0    68000000.0   0.00152819
30000.0    70000000.0   0.00156525
30000.0    72000000.0   0.00160226
30000.0    74000000.0   0.00163912
30000.0    76000000.0   0.00167568
30000.0    78000000.0   0.00171216
30000.0    80000000.0   0.0017484
30000.0    82000000.0   0.00178449
30000.0    84000000.0   0.00182044
30000.0    86000000.0   0.00185621
30000.0    88000000.0   0.00189178
30000.0    90000000.0   0.00192724
30000.0    92000000.0   0.00196262
30000.0    94000000.0   0.00199782
30000.0    96000000.0   0.00203281
30000.0    98000000.0   0.00206775

32000.0    2000000.0   6.35799e-05
32000.0    4000000.0   0.000130068
32000.0    6000000.0   0.000188888
32000.0    8000000.0   0.000243893
32000.0    10000000.0   0.000296348
32000.0    12000000.0   0.000346899
32000.0    14000000.0   0.000395948
32000.0    16000000.0   0.000443714
32000.0    18000000.0   0.000490448
32000.0    20000000.0   0.000536266
32000.0    22000000.0   0.000581223
32000.0    24000000.0   0.000625528
32000.0    26000000.0   0.000669116
32000.0    28000000.0   0.000712131
32000.0    30000000.0   0.000754595
32000.0    32000000.0   0.000796561
32000.0    34000000.0   0.000838068
32000.0    36000000.0   0.000879123
32000.0    38000000.0   0.000919773
32000.0    40000000.0   0.000960039
32000.0    42000000.0   0.000999977
32000.0    44000000.0   0.00103952
32000.0    46000000.0   0.00107872
32000.0    48000000.0   0.00111773
32000.0    50000000.0   0.00115634
32000.0    52000000.0   0.00119475
32000.0    54000000.0   0.0012328
32000.0    56000000.0   0.00127071
32000.0    58000000.0   0.00130831
32000.0    60000000.0   0.00134565
32000.0    62000000.0   0.00138278
32000.0    64000000.0   0.00141975
32000.0    66000000.0   0.00145643
32000.0    68000000.0   0.00149298
32000.0    70000000.0   0.0015293
32000.0    72000000.0   0.00156531
32000.0    74000000.0   0.00160132
32000.0    76000000.0   0.00163701
32000.0    78000000.0   0.0016727
32000.0    80000000.0   0.00170816
32000.0    82000000.0   0.00174339
32000.0    84000000.0   0.00177842
32000.0    86000000.0   0.00181339
32000.0    88000000.0   0.00184828
32000.0    90000000.0   0.00188289
32000.0    92000000.0   0.00191744
32000.0    94000000.0   0.00195179
32000.0    96000000.0   0.00198605
32000.0    98000000.0   0.00202008

34000.0    2000000.0   6.18989e-05
34000.0    4000000.0   0.000127045
34000.0    6000000.0   0.000184629
34000.0    8000000.0   0.000238475
34000.0    10000000.0   0.000289817
34000.0    12000000.0   0.000339292
34000.0    14000000.0   0.000387272
34000.0    16000000.0   0.000434051
34000.0    18000000.0   0.000479781
34000.0    20000000.0   0.000524588
34000.0    22000000.0   0.000568632
34000.0    24000000.0   0.000611941
34000.0    26000000.0   0.000654614
34000.0    28000000.0   0.000696701
34000.0    30000000.0   0.000738276
34000.0    32000000.0   0.000779328
34000.0    34000000.0   0.000819946
34000.0    36000000.0   0.000860127
34000.0    38000000.0   0.000899871
34000.0    40000000.0   0.000939315
34000.0    42000000.0   0.000978349
34000.0    44000000.0   0.00101709
34000.0    46000000.0   0.00105549
34000.0    48000000.0   0.0010936
34000.0    50000000.0   0.00113142
34000.0    52000000.0   0.00116887
34000.0    54000000.0   0.00120625
34000.0    56000000.0   0.00124327
34000.0    58000000.0   0.00128003
34000.0    60000000.0   0.00131659
34000.0    62000000.0   0.00135296
34000.0    64000000.0   0.00138912
34000.0    66000000.0   0.00142504
34000.0    68000000.0   0.00146078
34000.0    70000000.0   0.00149626
34000.0    72000000.0   0.00153163
34000.0    74000000.0   0.00156685
34000.0    76000000.0   0.00160184
34000.0    78000000.0   0.00163666
34000.0    80000000.0   0.00167134
34000.0    82000000.0   0.00170584
34000.0    84000000.0   0.00174008
34000.0    86000000.0   0.00177435
34000.0    88000000.0   0.00180843
34000.0    90000000.0   0.00184225
34000.0    92000000.0   0.0018761
34000.0    94000000.0   0.00190965
34000.0    96000000.0   0.00194316
34000.0    98000000.0   0.00197664

36000.0    2000000.0   6.03283e-05
36000.0    4000000.0   0.000124243
36000.0    6000000.0   0.0001807
36000.0    8000000.0   0.000233469
36000.0    10000000.0   0.000283793
36000.0    12000000.0   0.000332277
36000.0    14000000.0   0.000379312
36000.0    16000000.0   0.000425142
36000.0    18000000.0   0.00046995
36000.0    20000000.0   0.00051384
36000.0    22000000.0   0.000557015
36000.0    24000000.0   0.000599435
36000.0    26000000.0   0.000641276
36000.0    28000000.0   0.000682519
36000.0    30000000.0   0.00072324
36000.0    32000000.0   0.000763459
36000.0    34000000.0   0.000803227
36000.0    36000000.0   0.000842611
36000.0    38000000.0   0.000881615
36000.0    40000000.0   0.00092019
36000.0    42000000.0   0.000958493
36000.0    44000000.0   0.000996389
36000.0    46000000.0   0.00103403
36000.0    48000000.0   0.0010714
36000.0    50000000.0   0.00110845
36000.0    52000000.0   0.0011452
36000.0    54000000.0   0.00118178
36000.0    56000000.0   0.00121802
36000.0    58000000.0   0.00125412
36000.0    60000000.0   0.00128986
36000.0    62000000.0   0.00132548
36000.0    64000000.0   0.00136091
36000.0    66000000.0   0.00139607
36000.0    68000000.0   0.00143118
36000.0    70000000.0   0.001466
36000.0    72000000.0   0.00150058
36000.0    74000000.0   0.0015351
36000.0    76000000.0   0.00156939
36000.0    78000000.0   0.00160351
36000.0    80000000.0   0.00163748
36000.0    82000000.0   0.00167127
36000.0    84000000.0   0.00170495
36000.0    86000000.0   0.00173846
36000.0    88000000.0   0.00177179
36000.0    90000000.0   0.00180505
36000.0    92000000.0   0.00183813
36000.0    94000000.0   0.00187108
36000.0    96000000.0   0.00190392
36000.0    98000000.0   0.00193661

38000.0    2000000.0   5.88559e-05
38000.0    4000000.0   0.000121651
38000.0    6000000.0   0.000177057
38000.0    8000000.0   0.000228839
38000.0    10000000.0   0.000278196
38000.0    12000000.0   0.000325766
38000.0    14000000.0   0.000371928
38000.0    16000000.0   0.00041689
38000.0    18000000.0   0.00046085
38000.0    20000000.0   0.000503941
38000.0    22000000.0   0.000546261
38000.0    24000000.0   0.000587899
38000.0    26000000.0   0.000628927
38000.0    28000000.0   0.000669387
38000.0    30000000.0   0.000709336
38000.0    32000000.0   0.000748804
38000.0    34000000.0   0.000787836
38000.0    36000000.0   0.000826458
38000.0    38000000.0   0.0008647
38000.0    40000000.0   0.000902573
38000.0    42000000.0   0.000940118
38000.0    44000000.0   0.00097733
38000.0    46000000.0   0.00101425
38000.0    48000000.0   0.00105083
38000.0    50000000.0   0.00108723
38000.0    52000000.0   0.00112331
38000.0    54000000.0   0.00115916
38000.0    56000000.0   0.00119472
38000.0    58000000.0   0.00123013
38000.0    60000000.0   0.00126527
38000.0    62000000.0   0.00130021
38000.0    64000000.0   0.00133487
38000.0    66000000.0   0.00136946
38000.0    68000000.0   0.00140373
38000.0    70000000.0   0.00143795
38000.0    72000000.0   0.0014719
38000.0    74000000.0   0.00150575
38000.0    76000000.0   0.00153934
38000.0    78000000.0   0.00157285
38000.0    80000000.0   0.0016062
38000.0    82000000.0   0.00163934
38000.0    84000000.0   0.00167237
38000.0    86000000.0   0.00170522
38000.0    88000000.0   0.00173793
38000.0    90000000.0   0.00177058
38000.0    92000000.0   0.00180302
38000.0    94000000.0   0.00183529
38000.0    96000000.0   0.00186756
38000.0    98000000.0   0.00189964
