# the cases were examined from time 10e-6 to 1.0
#case             offset_x   D_init   Rn     Rmax    alpha_r   Dstar   time_of_maxU_liq    max_U_liq
3D_run141_alphar0.4_dstar0.3   0.0038   0.00015   0.000182     0.0004931484    0.405557434638   0.304168075979  8.967575941e-05      80.04592
3D_run141_alphar0.4_dstar0.4   0.0038   0.0002   0.000182     0.0004931484    0.405557434638   0.405557434638  9.048372024e-05      87.737032
3D_run141_alphar0.4_dstar0.5   0.0038   0.00025   0.000182     0.0004931484    0.405557434638   0.506946793298  9.015852118e-05      98.614168
3D_run141_alphar0.4_dstar0.6   0.0038   0.0003   0.000182     0.0004931484    0.405557434638   0.608336151958  9.060214522e-05      112.21897
3D_run141_alphar0.4_dstar0.7   0.0038   0.00035   0.000182     0.0004931484    0.405557434638   0.709725510617  9.119096232e-05      118.50485  #checked and is correct
3D_run141_alphar0.4_dstar0.8   0.0038   0.0004   0.000182     0.0004931484    0.405557434638   0.811114869277  9.081164742e-05      120.21247
3D_run141_alphar0.4_dstar0.9   0.0038   0.00045   0.000182     0.0004931484    0.405557434638   0.912504227936  9.034976656e-05      135.95799
3D_run141_alphar0.4_dstar1.1   0.0038   0.00055   0.000182     0.0004931484    0.405557434638   1.11528294526  9.079907875e-05      141.16796
3D_run141_alphar0.4_dstar1.3   0.0038   0.00065   0.000182     0.0004931484    0.405557434638   1.31806166257  9.242882487e-05      172.70086
3D_run141_alphar0.4_dstar1.5   0.0038   0.00075   0.000182     0.0004931484    0.405557434638   1.52084037989  9.158412796e-05      191.45647
3D_run141_alphar0.4_dstar1.65   0.0038   0.000825   0.000182     0.0004931484    0.405557434638   1.67292441788  9.095237487e-05      213.75105
3D_run141_alphar0.4_dstar1.8   0.0038   0.0009   0.000182     0.0004931484    0.405557434638   1.82500845587  9.039008327e-05      231.00535
3D_run141_alphar0.4_dstar2.0   0.0038   0.001   0.000182     0.0004931484    0.405557434638   2.02778717319  9.00126133e-05      265.9788     #checked and is correct
3D_run141_alphar0.4_dstar2.15   0.0038   0.001075   0.000182     0.0004931484    0.405557434638   2.17987121118  8.984591078e-05      343.58841
3D_run141_alphar0.4_dstar2.3   0.0038   0.00115   0.000182     0.0004931484    0.405557434638   2.33195524917  8.967166853e-05      411.59276

3D_run141_alphar1.2_dstar0.3   0.0034   0.00015   0.000182     0.0004931484    1.21667230392   0.304168075979  0.0001014193562      56.0       #automatic value after impact: 187.9437
3D_run141_alphar1.2_dstar0.4   0.0034   0.0002   0.000182     0.0004931484    1.21667230392   0.405557434638  9.603637758e-05      61.635532
3D_run141_alphar1.2_dstar0.5   0.0034   0.00025   0.000182     0.0004931484    1.21667230392   0.506946793298  9.440542254e-05      74.410005
3D_run141_alphar1.2_dstar0.6   0.0034   0.0003   0.000182     0.0004931484    1.21667230392   0.608336151958  9.292630516e-05      85.066548
3D_run141_alphar1.2_dstar0.7   0.0034   0.00035   0.000182     0.0004931484    1.21667230392   0.709725510617  9.209230792e-05      92.601656
3D_run141_alphar1.2_dstar0.8   0.0034   0.0004   0.000182     0.0004931484    1.21667230392   0.811114869277  9.227238446e-05      99.232341
3D_run141_alphar1.2_dstar0.9   0.0034   0.00045   0.000182     0.0004931484    1.21667230392   0.912504227936  9.189367027e-05      105.14472
3D_run141_alphar1.2_dstar1.1   0.0034   0.00055   0.000182     0.0004931484    1.21667230392   1.11528294526  9.161916482e-05      114.33826
3D_run141_alphar1.2_dstar1.3   0.0034   0.00065   0.000182     0.0004931484    1.21667230392   1.31806166257  9.184084688e-05      125.74618
3D_run141_alphar1.2_dstar1.5   0.0034   0.00075   0.000182     0.0004931484    1.21667230392   1.52084037989  9.158585059e-05      141.03457
3D_run141_alphar1.2_dstar1.65   0.0034   0.000825   0.000182     0.0004931484    1.21667230392   1.67292441788  9.235859244e-05      177.14034
3D_run141_alphar1.2_dstar1.8   0.0034   0.0009   0.000182     0.0004931484    1.21667230392   1.82500845587  9.149830595e-05      195.38057
3D_run141_alphar1.2_dstar2.0   0.0034   0.001   0.000182     0.0004931484    1.21667230392   2.02778717319  9.100244068e-05      234.80375
3D_run141_alphar1.2_dstar2.15   0.0034   0.001075   0.000182     0.0004931484    1.21667230392   2.17987121118  9.061287237e-05      285.25301
3D_run141_alphar1.2_dstar2.3   0.0034   0.00115   0.000182     0.0004931484    1.21667230392   2.33195524917  9.028107476e-05      361.1827

3D_run141_alphar2.0_dstar0.3   0.003   0.00015   0.000182     0.0004931484    2.02778717319   0.304168075979  92e-6               74.0          #automatic value: 0.0001033995965      246.13893
3D_run141_alphar2.0_dstar0.4   0.003   0.0002   0.000182     0.0004931484    2.02778717319   0.405557434638  9.762694432e-05      55.158838
3D_run141_alphar2.0_dstar0.5   0.003   0.00025   0.000182     0.0004931484    2.02778717319   0.506946793298  9.563656453e-05      67.610825
3D_run141_alphar2.0_dstar0.6   0.003   0.0003   0.000182     0.0004931484    2.02778717319   0.608336151958  9.422778378e-05      77.53752
3D_run141_alphar2.0_dstar0.7   0.003   0.00035   0.000182     0.0004931484    2.02778717319   0.709725510617  9.382729912e-05      85.84336
3D_run141_alphar2.0_dstar0.8   0.003   0.0004   0.000182     0.0004931484    2.02778717319   0.811114869277  9.32010055e-05      91.530801
3D_run141_alphar2.0_dstar0.9   0.003   0.00045   0.000182     0.0004931484    2.02778717319   0.912504227936  9.308878069e-05      96.57273
3D_run141_alphar2.0_dstar1.1   0.003   0.00055   0.000182     0.0004931484    2.02778717319   1.11528294526  9.257515434e-05      105.4147
3D_run141_alphar2.0_dstar1.3   0.003   0.00065   0.000182     0.0004931484    2.02778717319   1.31806166257  9.220195726e-05      114.82686
3D_run141_alphar2.0_dstar1.5   0.003   0.00075   0.000182     0.0004931484    2.02778717319   1.52084037989  9.202309848e-05      130.40767
3D_run141_alphar2.0_dstar1.65   0.003   0.000825   0.000182     0.0004931484    2.02778717319   1.67292441788  9.175834876e-05      139.27317
3D_run141_alphar2.0_dstar1.8   0.003   0.0009   0.000182     0.0004931484    2.02778717319   1.82500845587  9.213489634e-05      164.34473
3D_run141_alphar2.0_dstar2.0   0.003   0.001   0.000182     0.0004931484    2.02778717319   2.02778717319  9.140818814e-05      186.88456
3D_run141_alphar2.0_dstar2.15   0.003   0.001075   0.000182     0.0004931484    2.02778717319   2.17987121118  9.107865039e-05      216.62163
3D_run141_alphar2.0_dstar2.3   0.003   0.00115   0.000182     0.0004931484    2.02778717319   2.33195524917  9.083004718e-05      286.63127

3D_run141_alphar2.8_dstar0.3   0.0026   0.00015   0.000182     0.0004931484    2.83890204247   0.304168075979  0.0001019097938      42.930047
3D_run141_alphar2.8_dstar0.4   0.0026   0.0002   0.000182     0.0004931484    2.83890204247   0.405557434638  9.872138713e-05      52.736861
3D_run141_alphar2.8_dstar0.5   0.0026   0.00025   0.000182     0.0004931484    2.83890204247   0.506946793298  9.648168009e-05      64.746704
3D_run141_alphar2.8_dstar0.6   0.0026   0.0003   0.000182     0.0004931484    2.83890204247   0.608336151958  9.513458535e-05      75.02809
3D_run141_alphar2.8_dstar0.7   0.0026   0.00035   0.000182     0.0004931484    2.83890204247   0.709725510617  9.443380863e-05      82.599212   # ithExtremum = 3
3D_run141_alphar2.8_dstar0.8   0.0026   0.0004   0.000182     0.0004931484    2.83890204247   0.811114869277  9.391878975e-05      87.944688
3D_run141_alphar2.8_dstar0.9   0.0026   0.00045   0.000182     0.0004931484    2.83890204247   0.912504227936  9.368502498e-05      93.097784
3D_run141_alphar2.8_dstar1.1   0.0026   0.00055   0.000182     0.0004931484    2.83890204247   1.11528294526  9.325994747e-05      102.06506
3D_run141_alphar2.8_dstar1.3   0.0026   0.00065   0.000182     0.0004931484    2.83890204247   1.31806166257  9.27764337e-05      110.80031
3D_run141_alphar2.8_dstar1.5   0.0026   0.00075   0.000182     0.0004931484    2.83890204247   1.52084037989  9.252910851e-05      124.60187
3D_run141_alphar2.8_dstar1.65   0.0026   0.000825   0.000182     0.0004931484    2.83890204247   1.67292441788  9.235677599e-05      133.85271
3D_run141_alphar2.8_dstar1.8   0.0026   0.0009   0.000182     0.0004931484    2.83890204247   1.82500845587  9.204231266e-05      150.38256
3D_run141_alphar2.8_dstar2.0   0.0026   0.001   0.000182     0.0004931484    2.83890204247   2.02778717319  9.222878696e-05      200.7108
3D_run141_alphar2.8_dstar2.15   0.0026   0.001075   0.000182     0.0004931484    2.83890204247   2.17987121118  9.158187004e-05      220.66767
3D_run141_alphar2.8_dstar2.3   0.0026   0.00115   0.000182     0.0004931484    2.83890204247   2.33195524917  9.125525688e-05      268.37784

3D_run141_alphar3.6_dstar0.3   0.0022   0.00015   0.000182     0.0004931484    3.65001691175   0.304168075979  0.0001023160397      42.228735
3D_run141_alphar3.6_dstar0.4   0.0022   0.0002   0.000182     0.0004931484    3.65001691175   0.405557434638  9.873295042e-05      52.048451
3D_run141_alphar3.6_dstar0.5   0.0022   0.00025   0.000182     0.0004931484    3.65001691175   0.506946793298  9.681716185e-05      63.751353
3D_run141_alphar3.6_dstar0.6   0.0022   0.0003   0.000182     0.0004931484    3.65001691175   0.608336151958  9.54098866e-05      73.401826
3D_run141_alphar3.6_dstar0.7   0.0022   0.00035   0.000182     0.0004931484    3.65001691175   0.709725510617  9.481985919e-05      81.434327
3D_run141_alphar3.6_dstar0.8   0.0022   0.0004   0.000182     0.0004931484    3.65001691175   0.811114869277  9.425646543e-05      86.066752
3D_run141_alphar3.6_dstar0.9   0.0022   0.00045   0.000182     0.0004931484    3.65001691175   0.912504227936  9.404666997e-05      90.914728
3D_run141_alphar3.6_dstar1.1   0.0022   0.00055   0.000182     0.0004931484    3.65001691175   1.11528294526  9.347969702e-05      99.136818
3D_run141_alphar3.6_dstar1.3   0.0022   0.00065   0.000182     0.0004931484    3.65001691175   1.31806166257  9.345476184e-05      109.78986
3D_run141_alphar3.6_dstar1.5   0.0022   0.00075   0.000182     0.0004931484    3.65001691175   1.52084037989  9.299766694e-05      122.58391
3D_run141_alphar3.6_dstar1.65   0.0022   0.000825   0.000182     0.0004931484    3.65001691175   1.67292441788  9.268480566e-05      130.65456
3D_run141_alphar3.6_dstar1.8   0.0022   0.0009   0.000182     0.0004931484    3.65001691175   1.82500845587  9.287414051e-05      149.3037
3D_run141_alphar3.6_dstar2.0   0.0022   0.001   0.000182     0.0004931484    3.65001691175   2.02778717319  9.236288199e-05      184.20325
3D_run141_alphar3.6_dstar2.15   0.0022   0.001075   0.000182     0.0004931484    3.65001691175   2.17987121118  9.19106926e-05      223.78227
3D_run141_alphar3.6_dstar2.3   0.0022   0.00115   0.000182     0.0004931484    3.65001691175   2.33195524917  9.144026123e-05      230.66078

3D_run141_alphar4.3_dstar0.3   0.00185   0.00015   0.000182     0.0004931484    4.35974242236   0.304168075979  0.0001024456808      41.739119
3D_run141_alphar4.3_dstar0.5   0.00185   0.00025   0.000182     0.0004931484    4.35974242236   0.506946793298  9.691956791e-05      62.780301
3D_run141_alphar4.3_dstar0.7   0.00185   0.00035   0.000182     0.0004931484    4.35974242236   0.709725510617  9.500153839e-05      80.25978
3D_run141_alphar4.3_dstar0.9   0.00185   0.00045   0.000182     0.0004931484    4.35974242236   0.912504227936  9.433164633e-05      90.17941
3D_run141_alphar4.3_dstar1.1   0.00185   0.00055   0.000182     0.0004931484    4.35974242236   1.11528294526  9.408480277e-05      97.761201
3D_run141_alphar4.3_dstar1.3   0.00185   0.00065   0.000182     0.0004931484    4.35974242236   1.31806166257  9.525457937e-05      106.05445
3D_run141_alphar4.3_dstar1.5   0.00185   0.00075   0.000182     0.0004931484    4.35974242236   1.52084037989  9.311833767e-05      120.13909
3D_run141_alphar4.3_dstar1.65   0.00185   0.000825   0.000182     0.0004931484    4.35974242236   1.67292441788  9.291018953e-05      127.73257
3D_run141_alphar4.3_dstar1.8   0.00185   0.0009   0.000182     0.0004931484    4.35974242236   1.82500845587  9.26514547e-05      145.00496
3D_run141_alphar4.3_dstar2.0   0.00185   0.001   0.000182     0.0004931484    4.35974242236   2.02778717319  9.258647886e-05      177.10787
3D_run141_alphar4.3_dstar2.15   0.00185   0.001075   0.000182     0.0004931484    4.35974242236   2.17987121118  9.206410973e-05      200.40478
3D_run141_alphar4.3_dstar2.3   0.00185   0.00115   0.000182     0.0004931484    4.35974242236   2.33195524917  9.164336179e-05      213.34448

3D_run141_alphar5.0_dstar0.3   0.0015   0.00015   0.000182     0.0004931484    5.06946793298   0.304168075979  0.0001023373868      41.000355      #22.152089
3D_run141_alphar5.0_dstar0.4   0.0015   0.0002   0.000182     0.0004931484    5.06946793298   0.405557434638  9.931981608e-05      51.459139
3D_run141_alphar5.0_dstar0.5   0.0015   0.00025   0.000182     0.0004931484    5.06946793298   0.506946793298  9.72530384e-05      62.554085
3D_run141_alphar5.0_dstar0.6   0.0015   0.0003   0.000182     0.0004931484    5.06946793298   0.608336151958  9.573673489e-05      72.03217
3D_run141_alphar5.0_dstar0.7   0.0015   0.00035   0.000182     0.0004931484    5.06946793298   0.709725510617  9.508960292e-05      79.658952
3D_run141_alphar5.0_dstar0.8   0.0015   0.0004   0.000182     0.0004931484    5.06946793298   0.811114869277  9.457337285e-05      84.558121
3D_run141_alphar5.0_dstar0.9   0.0015   0.00045   0.000182     0.0004931484    5.06946793298   0.912504227936  9.417475072e-05      87.90523
3D_run141_alphar5.0_dstar1.1   0.0015   0.00055   0.000182     0.0004931484    5.06946793298   1.11528294526  9.404080965e-05      97.737431
3D_run141_alphar5.0_dstar1.3   0.0015   0.00065   0.000182     0.0004931484    5.06946793298   1.31806166257  9.356113458e-05      105.89077
3D_run141_alphar5.0_dstar1.5   0.0015   0.00075   0.000182     0.0004931484    5.06946793298   1.52084037989  9.328456024e-05      118.99929
3D_run141_alphar5.0_dstar1.65   0.0015   0.000825   0.000182     0.0004931484    5.06946793298   1.67292441788  9.315635787e-05      129.23894
3D_run141_alphar5.0_dstar1.8   0.0015   0.0009   0.000182     0.0004931484    5.06946793298   1.82500845587  9.35167652e-05      153.15522
3D_run141_alphar5.0_dstar2.0   0.0015   0.001   0.000182     0.0004931484    5.06946793298   2.02778717319  9.272669427e-05      174.61089
3D_run141_alphar5.0_dstar2.15   0.0015   0.001075   0.000182     0.0004931484    5.06946793298   2.17987121118  9.21046324e-05      186.41239
3D_run141_alphar5.0_dstar2.3   0.0015   0.00115   0.000182     0.0004931484    5.06946793298   2.33195524917  9.176589509e-05      210.65409

3D_run141_alphar5.75_dstar0.3   0.001125   0.00015   0.000182     0.0004931484    5.82988812293   0.304168075979  0.0001026204292      41.304406
3D_run141_alphar5.75_dstar0.5   0.001125   0.00025   0.000182     0.0004931484    5.82988812293   0.506946793298  9.733852844e-05      62.086852
3D_run141_alphar5.75_dstar0.7   0.001125   0.00035   0.000182     0.0004931484    5.82988812293   0.709725510617  9.524793273e-05      79.187131
3D_run141_alphar5.75_dstar0.9   0.001125   0.00045   0.000182     0.0004931484    5.82988812293   0.912504227936  9.432122211e-05      88.162877
3D_run141_alphar5.75_dstar1.1   0.001125   0.00055   0.000182     0.0004931484    5.82988812293   1.11528294526  9.406460411e-05      97.230473
3D_run141_alphar5.75_dstar1.3   0.001125   0.00065   0.000182     0.0004931484    5.82988812293   1.31806166257  9.555092427e-05      105.05992
3D_run141_alphar5.75_dstar1.5   0.001125   0.00075   0.000182     0.0004931484    5.82988812293   1.52084037989  9.355332156e-05      119.20497
3D_run141_alphar5.75_dstar1.65   0.001125   0.000825   0.000182     0.0004931484    5.82988812293   1.67292441788  9.323172377e-05      126.84775
3D_run141_alphar5.75_dstar1.8   0.001125   0.0009   0.000182     0.0004931484    5.82988812293   1.82500845587  9.362396973e-05      151.07912
3D_run141_alphar5.75_dstar2.0   0.001125   0.001   0.000182     0.0004931484    5.82988812293   2.02778717319  9.301987602e-05      197.35177
3D_run141_alphar5.75_dstar2.15   0.001125   0.001075   0.000182     0.0004931484    5.82988812293   2.17987121118  9.238428396e-05      202.88001
3D_run141_alphar5.75_dstar2.3   0.001125   0.00115   0.000182     0.0004931484    5.82988812293   2.33195524917  9.189074348e-05      209.90787

3D_run141_alphar6.5_dstar0.3   0.00075   0.00015   0.000182     0.0004931484    6.59030831287   0.304168075979  0.0001025512823      41.213127
3D_run141_alphar6.5_dstar0.4   0.00075   0.0002   0.000182     0.0004931484    6.59030831287   0.405557434638  9.91280834e-05      50.809655
3D_run141_alphar6.5_dstar0.5   0.00075   0.00025   0.000182     0.0004931484    6.59030831287   0.506946793298  9.739121082e-05      61.886161
3D_run141_alphar6.5_dstar0.6   0.00075   0.0003   0.000182     0.0004931484    6.59030831287   0.608336151958  9.58938698e-05      71.454674
3D_run141_alphar6.5_dstar0.7   0.00075   0.00035   0.000182     0.0004931484    6.59030831287   0.709725510617  9.508970501e-05      78.807794
3D_run141_alphar6.5_dstar0.8   0.00075   0.0004   0.000182     0.0004931484    6.59030831287   0.811114869277  9.469840847e-05      83.783304
3D_run141_alphar6.5_dstar0.9   0.00075   0.00045   0.000182     0.0004931484    6.59030831287   0.912504227936  9.465314589e-05      88.565675
3D_run141_alphar6.5_dstar1.1   0.00075   0.00055   0.000182     0.0004931484    6.59030831287   1.11528294526  9.395237488e-05      95.911901
3D_run141_alphar6.5_dstar1.3   0.00075   0.00065   0.000182     0.0004931484    6.59030831287   1.31806166257  9.410671459e-05      105.51225
3D_run141_alphar6.5_dstar1.5   0.00075   0.00075   0.000182     0.0004931484    6.59030831287   1.52084037989  9.326232685e-05      116.29718
3D_run141_alphar6.5_dstar1.65   0.00075   0.000825   0.000182     0.0004931484    6.59030831287   1.67292441788  9.339154824e-05      126.50676
3D_run141_alphar6.5_dstar1.8   0.00075   0.0009   0.000182     0.0004931484    6.59030831287   1.82500845587  9.384677719e-05      162.70073
3D_run141_alphar6.5_dstar2.0   0.00075   0.001   0.000182     0.0004931484    6.59030831287   2.02778717319  9.27835686e-05      166.43994
3D_run141_alphar6.5_dstar2.15   0.00075   0.001075   0.000182     0.0004931484    6.59030831287   2.17987121118  9.258894098e-05      198.08489
3D_run141_alphar6.5_dstar2.3   0.00075   0.00115   0.000182     0.0004931484    6.59030831287   2.33195524917  9.199169889e-05      216.74269

3D_run141_alphar7.25_dstar0.3   0.000375   0.00015   0.000182     0.0004931484    7.35072850282   0.304168075979  0.0001025209812      41.056228
3D_run141_alphar7.25_dstar0.5   0.000375   0.00025   0.000182     0.0004931484    7.35072850282   0.506946793298  9.73941729e-05      62.138706
3D_run141_alphar7.25_dstar0.7   0.000375   0.00035   0.000182     0.0004931484    7.35072850282   0.709725510617  9.535017902e-05      78.78239
3D_run141_alphar7.25_dstar0.9   0.000375   0.00045   0.000182     0.0004931484    7.35072850282   0.912504227936  9.438060213e-05      87.503421
3D_run141_alphar7.25_dstar1.1   0.000375   0.00055   0.000182     0.0004931484    7.35072850282   1.11528294526  9.40659067e-05      96.175026
3D_run141_alphar7.25_dstar1.3   0.000375   0.00065   0.000182     0.0004931484    7.35072850282   1.31806166257  9.391534828e-05      105.80781
3D_run141_alphar7.25_dstar1.5   0.000375   0.00075   0.000182     0.0004931484    7.35072850282   1.52084037989  9.367632981e-05      118.71235
3D_run141_alphar7.25_dstar1.65   0.000375   0.000825   0.000182     0.0004931484    7.35072850282   1.67292441788  9.333292332e-05      125.51436
3D_run141_alphar7.25_dstar1.8   0.000375   0.0009   0.000182     0.0004931484    7.35072850282   1.82500845587  9.392275528e-05      165.56693
3D_run141_alphar7.25_dstar2.0   0.000375   0.001   0.000182     0.0004931484    7.35072850282   2.02778717319  9.291996316e-05      170.38512
3D_run141_alphar7.25_dstar2.15   0.000375   0.001075   0.000182     0.0004931484    7.35072850282   2.17987121118  9.251465963e-05      205.18781
3D_run141_alphar7.25_dstar2.3   0.000375   0.00115   0.000182     0.0004931484    7.35072850282   2.33195524917  9.197368651e-05      205.14425

3D_run141_alphar8.0_dstar0.3   0.0   0.00015   0.000182     0.0004931484    8.11114869277   0.304168075979  0.0001042743597      43.075707
3D_run141_alphar8.0_dstar0.4   0.0   0.0002   0.000182     0.0004931484    8.11114869277   0.405557434638  9.597711781e-05      37.713763
3D_run141_alphar8.0_dstar0.5   0.0   0.00025   0.000182     0.0004931484    8.11114869277   0.506946793298  9.753294491e-05      61.99854
3D_run141_alphar8.0_dstar0.6   0.0   0.0003   0.000182     0.0004931484    8.11114869277   0.608336151958  9.594651754e-05      71.07546
3D_run141_alphar8.0_dstar0.7   0.0   0.00035   0.000182     0.0004931484    8.11114869277   0.709725510617  9.539355988e-05      79.210238
3D_run141_alphar8.0_dstar0.8   0.0   0.0004   0.000182     0.0004931484    8.11114869277   0.811114869277  9.480432551e-05      83.33166
3D_run141_alphar8.0_dstar0.9   0.0   0.00045   0.000182     0.0004931484    8.11114869277   0.912504227936  9.44867308e-05      87.550476
3D_run141_alphar8.0_dstar1.1   0.0   0.00055   0.000182     0.0004931484    8.11114869277   1.11528294526  9.430127206e-05      96.760194
3D_run141_alphar8.0_dstar1.3   0.0   0.00065   0.000182     0.0004931484    8.11114869277   1.31806166257  9.415778002e-05      105.61689
3D_run141_alphar8.0_dstar1.5   0.0   0.00075   0.000182     0.0004931484    8.11114869277   1.52084037989  9.37111363e-05      117.77806
3D_run141_alphar8.0_dstar1.65   0.0   0.000825   0.000182     0.0004931484    8.11114869277   1.67292441788  9.32972096e-05      124.62672
3D_run141_alphar8.0_dstar1.8   0.0   0.0009   0.000182     0.0004931484    8.11114869277   1.82500845587  9.388089011e-05      159.18024
3D_run141_alphar8.0_dstar2.0   0.0   0.001   0.000182     0.0004931484    8.11114869277   2.02778717319  9.301179822e-05      175.1653
3D_run141_alphar8.0_dstar2.15   0.0   0.001075   0.000182     0.0004931484    8.11114869277   2.17987121118  9.26189558e-05      197.54527
3D_run141_alphar8.0_dstar2.3   0.0   0.00115   0.000182     0.0004931484    8.11114869277   2.33195524917  9.204032771e-05      213.97445
